   0.0000000000000000        2.1219957909652723E-314   1.0000000000000000        1.0000000000000000       0.90000000000000002        1.8748000000000000     
   6.1621009062802302E-002   2.1219957909652723E-314  0.99898384547653052        1.0030546694990246       0.90104542646447483        1.8748000000000000     
  0.12123515550804516        2.1219957909652723E-314  0.99796887211033547        1.0061182206018255       0.90208963774656847        1.8748000000000000     
  0.17892469371551203        2.1219957909652723E-314  0.99695507346815559        1.0091906926687164       0.90313264046486053        1.8748000000000000     
  0.23476757272463061        2.1219957909652723E-314  0.99594244338274163        1.0122721245616590       0.90417444096425759        1.8748000000000000     
  0.28883771948452686        2.1219957909652723E-314  0.99493097593567781        1.0153625546829985       0.90521504533366481        1.8748000000000000     
  0.34120529940872468        2.1219957909652723E-314  0.99392066544158031        1.0184620210110842       0.90625445942224248        1.8748000000000000     
  0.39193695637958914        2.1219957909652723E-314  0.99291150643353987        1.0215705611330743       0.90729268885438286        1.8748000000000000     
  0.44109603411460835        2.1219957909652723E-314  0.99190349364969266        1.0246882122751912       0.90832973904352610        1.8748000000000000     
  0.48874278060211596        2.1219957909652723E-314  0.99089662202081585        1.0278150113306583       0.90936561520492198        1.8748000000000000     
  0.53493453713419836        2.1219957909652723E-314  0.98989088665885527        1.0309509948855367       0.91040032236743285        1.8748000000000000     
  0.57972591330601619        2.1219957909652723E-314  0.98888628284630242        1.0340961992426421       0.91143386538446258        1.8748000000000000     
  0.62316894921079691        2.1219957909652723E-314  0.98788280602634604        1.0372506604437188       0.91246624894408845        1.8748000000000000     
  0.66531326593590512        2.1219957909652723E-314  0.98688045179373074        1.0404144142900200       0.91349747757846633        1.8748000000000000     
  0.70620620535561773        2.1219957909652723E-314  0.98587921588626382        1.0435874963614309       0.91452755567256816        1.8748000000000000     
  0.74589296011874806        2.1219957909652723E-314  0.98487909417691477        1.0467699420342571       0.91555648747230989        1.8748000000000000     
  0.78441669464254082        2.1219957909652723E-314  0.98388008266645821        1.0499617864977953       0.91658427709212120        1.8748000000000000     
  0.82181865784698305        2.1219957909652723E-314  0.98288217747661699        1.0531630647697787       0.91761092852199899        1.8748000000000000     
  0.85813828829470751        2.1219957909652723E-314  0.98188537484366400        1.0563738117107953       0.91863644563409053        1.8748000000000000     
  0.89341331233999965        2.1219957909652723E-314  0.98088967111244674        1.0595940620377589       0.91966083218884087        1.8748000000000000     
  0.92767983583521296        2.1219957909652723E-314  0.97989506273080162        1.0628238503365068       0.92068409184073907        1.8748000000000000     
  0.96097242989338383        2.1219957909652723E-314  0.97890154624432757        1.0660632110735948       0.92170622814369596        1.8748000000000000     
  0.99332421116137926        2.1219957909652723E-314  0.97790911829149141        1.0693121786073501       0.92272724455607880        1.8748000000000000     
   1.0247669170179174        2.1219957909652723E-314  0.97691777559904047        1.0725707871982380       0.92374714444543160        1.8748000000000000     
   1.0553309760747902        2.1219957909652723E-314  0.97592751497769870        1.0758390710185974       0.92476593109290262        1.8748000000000000     
   1.0850455743271386        2.1219957909652723E-314  0.97493833331812652        1.0791170641617875       0.92578360769740076        1.8748000000000000     
   1.1139387172692972        2.1219957909652723E-314  0.97395022758712402        1.0824048006507916       0.92680017737950204        1.8748000000000000     
   1.1420372882662129        2.1219957909652723E-314  0.97296319482406124        1.0857023144463185       0.92781564318512222        1.8748000000000000     
   1.1693671034464219        2.1219957909652723E-314  0.97197723213751863        1.0890096394544333       0.92883000808897265        1.8748000000000000     
   1.1959529633608141        2.1219957909652723E-314  0.97099233670212282        1.0923268095337579       0.92984327499781605        1.8748000000000000     
   1.2218187016316593        2.1219957909652723E-314  0.97000850575556519        1.0956538585022626       0.93085544675353382        1.8748000000000000     
   1.2469872307984193        2.1219957909652723E-314  0.96902573659578972        1.0989908201436851       0.93186652613601884        1.8748000000000000     
   1.2714805855505540        2.1219957909652723E-314  0.96804402657833866        1.1023377282135980       0.93287651586590670        1.8748000000000000     
   1.2953199635226489        2.1219957909652723E-314  0.96706337311384671        1.1056946164451493       0.93388541860715357        1.8748000000000000     
   1.3185257638136569        2.1219957909652723E-314  0.96608377366567177        1.1090615185545010       0.93489323696947346        1.8748000000000000     
   1.3411176233796607        2.1219957909652723E-314  0.96510522574765578        1.1124384682459783       0.93589997351064225        1.8748000000000000     
   1.3631144514382727        2.1219957909652723E-314  0.96412772692200499        1.1158254992169576       0.93690563073867805        1.8748000000000000     
   1.3845344620124560        2.1219957909652723E-314  0.96315127479728346        1.1192226451625049       0.93791021111390593        1.8748000000000000     
   1.4053952047320839        2.1219957909652723E-314  0.96217586702651192        1.1226299397797810       0.93891371705091364        1.8748000000000000     
   1.4257135940028944        2.1219957909652723E-314  0.96120150130536597        1.1260474167722285       0.93991615092040537        1.8748000000000000     
   1.4455059366445453        2.1219957909652723E-314  0.96022817537046667        1.1294751098535569       0.94091751505096022        1.8748000000000000     
   1.4647879580921745        2.1219957909652723E-314  0.95925588699775877        1.1329130527515345       0.94191781173070088        1.8748000000000000     
   1.4835748272491716        2.1219957909652723E-314  0.95828463400097008        1.1363612792116022       0.94291704320887848        1.8748000000000000     
   1.5018811800726879        2.1219957909652723E-314  0.95731441423014862        1.1398198230003171       0.94391521169737802        1.8748000000000000     
   1.5197211419677534        2.1219957909652723E-314  0.95634522557027124        1.1432887179086417       0.94491231937214892        1.8748000000000000     
   1.5371083490606221        2.1219957909652723E-314  0.95537706593992111        1.1467679977550786       0.94590836837456682        1.8748000000000000     
   1.5540559684171567        2.1219957909652723E-314  0.95440993329002866        1.1502576963886710       0.94690336081272775        1.8748000000000000     
   1.5705767172676122        2.1219957909652723E-314  0.95344382560267360        1.1537578476918673       0.94789729876268147        1.8748000000000000     
   1.5866828812950671        2.1219957909652723E-314  0.95247874088994322        1.1572684855832638       0.94889018426960581        1.8748000000000000     
   1.6023863320409524        2.1219957909652723E-314  0.95151467719284455        1.1607896440202317       0.94988201934892535        1.8748000000000000     
   1.6176985434776223        2.1219957909652723E-314  0.95055163258026776        1.1643213570014301       0.95087280598737889        1.8748000000000000     
   1.6326306077946520        2.1219957909652723E-314  0.94958960514799684        1.1678636585692193       0.95186254614403620        1.8748000000000000     
